,Food,Fodder,Fuelwood,Water,Coal,Oil,Natural Gas,Primary electricity
,,,,Wind,,,,
,,,,,,,,
1800,8.4,11.4,80,0,0.2,0,0,0
1801,8.4,11.5,79.8,0,0.3,0,0,0
1802,8.5,11.6,79.7,0,0.2,0,0,0
1803,8.5,11.6,79.6,0,0.3,0,0,0
1804,8.6,11.7,79.4,0,0.4,0,0,0
1805,8.6,11.8,79.4,0,0.3,0,0,0
1806,8.6,11.8,79.1,0,0.5,0,0,0
1807,8.7,12,78.7,0,0.6,0,0,0
1808,8.7,12.1,78.3,0,0.8,0,0,0
1809,9,12.6,77.6,0,0.7,0,0,0
1810,9,12.8,77.6,0,0.5,0,0,0
1811,9.1,12.9,77.7,0,0.4,0,0,0
1812,9.1,12.9,77.6,0,0.4,0,0,0
1813,9.1,13,77.5,0,0.3,0,0,0
1814,9.2,13,77.5,0,0.3,0,0,0
1815,9.2,13,77.4,0,0.5,0,0,0
1816,9.1,12.9,77.5,0,0.5,0,0,0
1817,9.2,12.9,77.4,0,0.5,0,0,0
1818,9.2,12.9,77.5,0,0.4,0,0,0
1819,9.2,12.9,77.4,0,0.4,0,0,0
1820,9.3,12.9,77.4,0,0.4,0,0,0
1821,9.4,13,77.2,0,0.4,0,0,0
1822,9.5,13,77.1,0,0.4,0,0,0
1823,9.5,12.9,77.1,0,0.4,0,0,0
1824,9.6,12.8,77.1,0,0.4,0,0,0
1825,9.7,12.8,77.2,0,0.4,0,0,0
1826,9.8,12.8,77,0,0.4,0,0,0
1827,9.9,12.8,76.7,0,0.5,0,0,0
1828,9.9,12.9,76.8,0,0.4,0,0,0
1829,10.1,13.1,76.5,0,0.4,0,0,0
1830,10.1,13,76.2,0,0.6,0,0,0
1831,10.2,13.1,76.3,0,0.4,0,0,0
1832,10.3,13.2,76.1,0,0.4,0,0,0
1833,10.4,13.2,76,0,0.4,0,0,0
1834,10.5,13.2,75.8,0,0.6,0,0,0
1835,10.5,13.1,75.7,0,0.7,0,0,0
1836,10.6,13.1,75.7,0,0.7,0,0,0
1837,10.6,13.1,75.7,0,0.6,0,0,0
1838,10.7,13.2,75.4,0,0.7,0,0,0
1839,10.7,13.2,75.3,0,0.8,0,0,0
1840,10.8,13.2,75.2,0,0.8,0,0,0
1841,10.9,13.2,75.1,0,0.8,0,0,0
1842,10.9,13.2,74.8,0,1.1,0,0,0
1843,11,13.3,74.7,0,0.9,0,0,0
1844,11.2,13.4,74.5,0,0.9,0,0,0
1845,11.3,13.5,74.1,0,1.2,0,0,0
1846,11.3,13.4,74.1,0,1.1,0,0,0
1847,11.4,13.5,74.1,0,1,0,0,0
1848,11.4,13.5,73.6,0,1.5,0,0,0
1849,11.5,13.6,73.1,0,1.7,0,0,0
1850,11.5,13.6,72.9,0,2,0,0,0
1851,11.5,13.5,72.9,0,2.1,0,0,0
1852,11.6,13.6,72.8,0,2.1,0,0,0
1853,11.6,13.7,72.7,0,2,0,0,0
1854,11.6,13.5,72.4,0,2.4,0,0,0
1855,11.5,13.4,72.5,0,2.5,0,0,0
1856,11.5,13.4,71.6,0,3.6,0,0,0
1857,11.4,13.3,70.8,0,4.5,0,0,0
1858,11.5,13.3,71,0,4.3,0,0,0
1859,11.3,13.1,70.1,0,5.5,0,0,0
1860,11.4,13,70.2,0,5.4,0,0,0
1861,11.3,12.8,69.2,0,6.7,0,0,0
1862,11.3,12.7,69.2,0,6.8,0,0,0
1863,11.4,12.7,69.2,0,6.7,0,0,0
1864,11.3,12.7,69,0,7,0,0,0
1865,11.4,12.5,68.9,0,7.2,0,0,0
1866,11.4,12.4,68.9,0,7.3,0,0,0
1867,11.5,12.3,69.3,0,6.9,0,0,0
1868,11.4,12.2,68.4,0,7.9,0.1,0,0
1869,11.4,12.3,69.3,0,7,0.1,0,0
1870,11.3,12,68,0,8.6,0.1,0,0
1871,11.3,12.2,67.2,0,9.1,0.1,0,0
1872,10.8,12,66.1,0,11,0.2,0,0
1873,10.9,12.3,65.8,0,10.8,0.2,0,0
1874,11.1,12.2,64.6,0,11.9,0.2,0,0
1875,10.8,12.1,63.1,0,13.8,0.2,0,0
1876,10.7,12,62.5,0,14.5,0.2,0,0
1877,10.7,11.9,61.9,0,15.2,0.3,0,0
1878,11.1,12.3,63.1,0,13.2,0.3,0,0
1879,11.1,12.3,63.1,0,13.1,0.3,0,0
1880,10.6,11.8,61.1,0,16.2,0.3,0,0
1881,10.7,11.8,61.4,0,15.7,0.4,0,0
1882,10.5,11.8,59.9,0,17.4,0.4,0,0
1883,10.4,11.7,59.2,0,18.3,0.3,0,0
1884,10.4,11.6,58.7,0,18.8,0.5,0,0
1885,10.3,11.4,57.9,0,19.9,0.5,0,0
1886,10.5,11.5,57.7,0,19.6,0.6,0,0
1887,10.5,11.4,57.5,0,19.9,0.6,0,0
1888,10.4,11.2,56,0,21.9,0.6,0,0
1889,10.1,10.7,53.9,0,24.3,0.9,0,0
1890,10,10.7,54.1,0,24.4,0.8,0,0
1891,9.9,10.6,53.1,0,25.5,0.9,0,0
1892,9.9,10.7,53,0,25.5,0.9,0,0
1893,10,10.7,52.6,0,25.7,1,0,0
1894,9.5,10.2,50.4,0,29,0.9,0,0
1895,9.5,10.3,50.2,0,28.9,1.1,0,0
1896,9.4,10.1,50.1,0,29.4,1,0,0
1897,9.1,9.7,48.7,0,31.3,1.2,0,0.1
1898,8.9,9.6,47.6,0,32.6,1.1,0,0.1
1899,8.3,8.9,43.5,0,38,1.2,0,0.1
1900,8.2,8.8,44.4,0,37.2,1.2,0,0.1
1901,8.6,8.2,45.8,0,36,1.3,0,0.1
1902,8.3,7.9,45.9,0,36.3,1.4,0,0.2
1903,8.1,7.7,43.7,0,38.8,1.5,0,0.2
1904,8,7.5,42.6,0,40.1,1.5,0,0.3
1905,7.8,7.3,44.8,0,38.2,1.6,0,0.3
1906,7.5,7,43,0,40.6,1.5,0,0.3
1907,7.2,6.7,40.4,0,43.8,1.5,0,0.4
1908,7.1,6.6,38.3,0,45.6,1.9,0,0.5
1909,7.6,7,38.6,0,44.3,2,0,0.6
1910,7.1,6.6,41.1,0,42.8,1.8,0,0.7
1911,7.3,6.6,40.7,0,42.5,2.1,0,0.8
1912,7,6.8,38.5,0,45,1.9,0,0.8
1913,6.4,6.2,38.5,0,45.8,2,0,1
1914,6.6,6.3,40.3,0,44.1,1.6,0,1.1
1915,6.5,6.5,40,0,44.1,1.7,0,1.3
1916,6.1,6.2,41.2,0,43.3,1.7,0,1.5
1917,7.9,7.8,57.9,0,23.8,0.7,0,1.9
1918,7.6,7.5,54.7,0,27.7,0.4,0,2.1
1919,7.9,6.6,55.6,0,25.9,1.9,0,2.1
1920,7.8,6.8,46.6,0,34.6,2.1,0,2.2
1921,10.1,8.1,52.2,0,24.9,2.2,0,2.5
1922,8.5,6.8,44.2,0,35.6,2.3,0,2.6
1923,7.9,6.3,40.8,0,39.9,2.6,0,2.6
1924,7.1,5.7,38.6,0,43.1,2.7,0,2.8
1925,7.6,6.2,39.6,0,40.2,3.4,0,3
1926,7.7,6.1,40,0,39.1,3.8,0,3.3
1927,6.6,5.2,33.6,0,47.9,3.6,0,3.1
1928,6.9,5.5,35,0,44.7,4.7,0,3.2
1929,6.2,4.9,32.6,0,48.5,4.6,0,3.3
1930,6.4,4.8,32.2,0,47.4,5.7,0,3.5
1931,6.5,4.9,31.1,0,47.9,6.2,0,3.4
1932,6.6,5.1,30.4,0,47.4,7.2,0,3.3
1933,6.4,4.9,30.1,0,47.7,7.5,0,3.4
1934,6,4.5,28.9,0,49.7,7.3,0,3.6
1935,5.9,4,28.1,0,50.1,8.1,0,3.9
1936,5.5,3.4,26.5,0,51.8,8.7,0,4
1937,5.1,2.9,24.2,0,54.7,9.1,0,3.9
1938,5.4,2.9,25.6,0,50.6,10.8,0,4.6
1939,4.3,2.1,35.1,0,44.8,9.8,0,3.8
1940,5.4,2.4,44.7,0,38.1,4.7,0,4.6
1941,5.7,2.3,50.8,0,34.8,1.2,0,5.3
1942,5.8,2.1,54.9,0,30.4,1.1,0,5.8
1943,5.5,1.8,50.5,0,34.9,1.1,0,6.3
1944,6,1.7,54.3,0,29,1.1,0,7.9
1945,6,1.5,73.6,0,8.8,1.7,0,8.4
1946,6.5,1.5,36,0,29.7,16.8,0,9.4
1947,5.6,1.2,27.4,0,33.2,25.2,0,7.5
1948,5.3,0.9,23.4,0,41.5,21.5,0,7.4
1949,5.8,0.9,24.1,0,38,22.1,0,9.1
1950,5,0.7,21.1,0,38.7,25.5,0,9
1951,4.5,0.5,18.8,0,38.4,29.3,0,8.5
1952,4.5,0.5,17.9,0,36.4,31.6,0,9.1
1953,4.8,0.4,18.7,0,29.3,36.4,0,10.5
1954,4.7,0.3,18.6,0,25.3,40.3,0,10.8
1955,4.1,0.2,16.4,0,25.1,44.3,0,9.9
1956,3.8,0.2,15,0,22,49.4,0,9.7
1957,3.9,0.2,15.4,0,21.5,48.4,0,10.6
1958,4,0.2,15,0,14.6,54.9,0,11.4
1959,4.3,0.2,16.2,0,15.5,50.9,0,12.9
1960,3.7,0.1,14.5,0,14.5,53.9,0,13.2
1961,3.7,0.1,14.6,0,13.1,53,0,15.4
1962,3.5,0.1,12.5,0,12.2,56.2,0,15.6
1963,3.3,0.1,12,0,11.4,58.5,0,14.7
1964,3,0.1,11.8,0,11,58.9,0,15.1
1965,3,0.1,11.6,0,9,60.7,0,15.6
1966,2.7,0.1,10.1,0,8.3,65.1,0,13.8
1967,2.8,0.1,10.7,0,7.2,63.5,0,15.6
1968,2.6,0.1,9.5,0,6.8,66.3,0,14.7
1969,2.4,0.1,9.3,0,5.8,70,0,12.4
1970,2.2,0.1,9.1,0,5.7,71.7,0,11.3
1971,2.3,0.1,9.1,0,5.8,68.8,0,13.9
1972,2.3,0.1,9.4,0,4.8,68.8,0,14.6
1973,2.3,0,9.1,0,5.3,67.6,0,15.6
1974,2.3,0,9.8,0,6.5,65.4,0,15.8
1975,2.2,0,8.6,0,5.8,65.8,0,17.4
1976,2.2,0,8.4,0,6,66.1,0,17.3
1977,2.3,0,8.1,0,4.3,67.7,0,17.6
1978,2.4,0,9.9,0,3.9,62.8,0,20.9
1979,2.1,0.1,9.6,0,5.1,64.1,0,19.1
1980,2.3,0.1,10.5,0,5.1,60.7,0,21.4
1981,2.5,0.1,12.3,0,4.6,54.3,0,26.3
1982,2.6,0.1,11.9,0,5.8,52.4,0,27.3
1983,2.5,0.1,14,0,7,46.9,0,29.6
1984,2.5,0.1,15.3,0,8.8,41,0,32.3
1985,2.3,0,14.1,0,10.3,41.3,0.2,31.7
1986,2.2,0,14,0,9,44.5,0.5,29.8
1987,2.3,0,15.3,0,8.4,39.1,0.8,34
1988,2.2,0,16.7,0,8.2,39.6,0.9,32.4
1989,2.3,0,16.8,0,8.8,36.5,1.3,34.2
1990,2.3,0,17.4,0,8.4,35.7,1.6,34.5
1991,2.4,0,19.4,0,7.4,34.4,1.8,34.7
1992,2.4,0,19.8,0,6.8,34.5,2,34.4
1993,2.4,0,20.7,0,6.7,34,2.2,34
1994,2.4,0,21.1,0,6.9,34.7,2,32.9
1995,2.4,0,21.9,0,6.6,34.2,1.9,33.1
1996,2.3,0,22.3,0,7.3,34.3,1.9,31.8
1997,2.3,0,23.1,0,6.2,33.7,2,32.7
1998,2.3,0,23.7,0,6.2,32.7,2.1,33
1999,2.3,0,23.9,0,6,32.7,2,33
2000,2.3,0,24.7,0,6.1,31.2,1.9,33.7
2001,2.3,0,21,0,6.7,33.7,2.4,34
2002,2.2,0,21,0,7.1,36,2.3,31.4
2003,2.2,0,21.8,0,7.4,35.8,2.3,30.5
2004,2.2,0,23.3,0,7,34.6,2.3,30.7
2005,2.2,0,24.4,0,7.6,32.6,2.2,31
2006,2.3,0,24.4,0,7,32.6,2.4,31.3
2007,2.3,0,27,0,7.3,28.8,2.5,32.1
2008,2.3,0,27,0,6.6,30.5,2.2,31.3