,Food,Fodder,Fuelwood,Water,Coal,Oil,Natural Gas,Primary electricity
,,,,Wind,,,,
1861,21.4,18.8,51.3,1,7.5,0,0,0
1862,21.8,18.1,52.3,1,6.8,0,0,0
1863,22.3,17.5,52.4,1,6.7,0,0,0
1864,23.2,17,52.4,1,6.4,0,0,0
1865,22.4,16.8,53,1,6.7,0,0,0
1866,21.3,17,54,1,6.5,0.2,0,0
1867,22.3,17.9,51.3,1.1,7.1,0.2,0,0
1868,22.5,17.9,51.1,1,7,0.5,0,0
1869,23.1,18.2,50.5,1,6.9,0.2,0,0
1870,22.8,18.8,49.9,1,7,0.4,0,0
1871,23,18.8,50.9,1,5.8,0.4,0,0
1872,23.3,19.4,48.8,1,7,0.4,0,0
1873,23.2,19.7,48.9,1,6.8,0.4,0,0
1874,22.9,19.5,48.9,1,7.2,0.4,0,0
1875,22.9,19,49.4,1,7.2,0.4,0,0
1876,22.2,18.6,48.6,1,9.2,0.4,0,0
1877,22.6,19.1,48.1,1,8.6,0.4,0,0
1878,23.2,19.3,47.2,1,8.8,0.4,0,0
1879,23,18.5,47.1,1,9.8,0.6,0,0
1880,22.4,18.4,46.8,1,10.8,0.6,0,0
1881,22.2,18.4,45.5,0.9,12.4,0.6,0,0
1882,22.2,18.6,44.3,0.9,13.4,0.6,0,0
1883,22,18.6,43.9,0.9,14,0.6,0,0
1884,21.7,18.7,42.9,0.9,15.2,0.5,0,0
1885,21.7,18.5,41.5,0.9,16.8,0.7,0,0
1886,22.2,18.8,40.9,0.9,16.7,0.5,0,0
1887,21.8,18.1,39.1,0.8,19.6,0.5,0,0
1888,21.3,17.9,38.7,0.8,20.8,0.5,0,0
1889,21.5,17.9,38,0.7,21.4,0.5,0,0
1890,21.2,17.4,37.2,0.7,23.1,0.5,0,0
1891,21.5,18.1,37.8,0.7,21.5,0.5,0,0
1892,22,17.9,37.9,0.6,21.1,0.5,0,0
1893,22.6,18.3,37.2,0.6,20.7,0.5,0,0
1894,21.3,17.5,35.6,0.6,24.5,0.5,0,0
1895,22.2,18.1,35.7,0.5,22.9,0.5,0,0
1896,23,18.3,35.7,0.5,22,0.5,0,0
1897,22.2,18.6,35.3,0.5,22.9,0.5,0,0
1898,22.9,18.3,34.4,0.5,23.4,0.5,0,0
1899,22.5,18,33.4,0.5,25.2,0.5,0,0.1
1900,22.2,17.9,33.1,0.5,25.7,0.5,0,0.1
1901,23,17.9,33.3,0.4,24.9,0.5,0,0.1
1902,23,17.6,31.2,0.4,27.2,0.5,0,0.1
1903,23.3,17.7,30,0.4,27.8,0.5,0,0.2
1904,22.8,17.9,29,0.4,29.3,0.5,0,0.2
1905,22.9,17.6,27.4,0.4,31.1,0.5,0,0.2
1906,21.9,17,25.2,0.3,34.8,0.4,0,0.3
1907,20.7,17,24.4,0.3,36.7,0.5,0,0.4
1908,20.2,17.1,24.5,0.3,36.7,0.7,0,0.5
1909,19.5,16.8,23.7,0.3,38.4,0.8,0,0.5
1910,20.3,16.9,23.3,0.3,38,0.8,0,0.6
1911,20,16.8,22.6,0.3,38.6,1,0,0.7
1912,20,16.6,21.8,0.3,39.3,1.1,0,0.8
1913,19.8,16.1,21.2,0.3,40.6,1.2,0,0.8
1914,19.3,16.7,23.7,0.3,37.9,1.1,0,1
1915,19.1,16.1,29.2,0.3,32.9,1.2,0,1.1
1916,19.2,15.8,29.1,0.3,32.8,1.5,0,1.4
1917,21,17.5,32.7,0.3,24.8,1.8,0,1.9
1918,21,16.8,30.7,0.3,27.3,2.1,0,1.9
1919,22.3,16.9,30.6,0.2,26.5,1.7,0,1.8
1920,20.3,18.5,30.2,0.3,26.5,1.9,0,2.3
1921,20.4,18,28.1,0.2,29.5,1.6,0,1.9
1922,19.5,17.4,26.7,0.2,32.3,1.9,0,1.9
1923,19.5,16.8,26.6,0.2,32.4,2.3,0,2.2
1924,17.9,15.5,24,0.2,37.2,2.8,0,2.4
1925,18.9,15.4,24.4,0.2,35.3,3.1,0,2.7
1926,18.4,14.2,22.9,0.2,38.3,3.1,0,3
1927,17.3,13.2,21.6,0.1,41.4,3.3,0,3
1928,17.7,13.7,21.8,0.2,39.3,3.8,0,3.5
1929,17.1,12.4,20.2,0.1,42.3,4.4,0,3.5
1930,17.8,12.8,19.8,0.2,39.8,5.8,0,3.7
1931,18.3,13.8,20.4,0.2,37,6.3,0,4
1932,20,14.9,21.5,0.2,32,7,0.1,4.4
1933,19.9,14.1,19.9,0.2,33.5,7.7,0.1,4.7
1934,16.9,12.6,17.9,0.2,40.4,7.4,0.1,4.6
1935,16,11.6,16.6,0.1,43.6,7.4,0,4.7
1936,19.3,13.6,18.4,0.2,34.9,8.1,0,5.5
1937,17.3,11.2,16.4,0.1,40.4,9.3,0,5.2
1938,17.5,11.4,17.3,0.1,38.9,9.6,0.1,5.1
1939,17.2,11.3,17.5,0.1,37.6,10.2,0.1,6
1940,15.9,11.3,17.4,0.1,43,6.2,0.1,5.9
1941,16,11.5,24.5,0.1,38.8,2.4,0.1,6.6
1942,14.7,11.2,28.6,0.1,36.4,2.5,0.2,6.3
1943,15.8,12,30.4,0.1,32.4,2.2,0.2,6.8
1944,21.9,16.5,32.4,0.2,20.6,0.2,0.3,7.9
1945,22.2,17.3,33.4,0.2,18.4,0.2,0.3,8
1946,16.7,13.1,28.3,0.2,27.3,6.2,0.3,8
1947,15.1,11.1,21.2,0.1,30.7,14.5,0.3,7
1948,16.8,12.6,20.2,0.1,29.6,12.5,0.4,7.7
1949,16.3,12.3,17.9,0.1,30.1,16.3,0.8,6.2
1950,15.7,11.9,16.9,0.1,27.7,18.9,1.5,7.3
1951,13.3,10.3,15.3,0.1,27.7,22.8,2.6,8
1952,13.5,9.7,15,0,25.2,24.6,3.8,8.1
1953,13.1,8.8,14,0,23.5,27,5.7,7.8
1954,12.1,7.8,12.8,0,23,30,6.9,7.4
1955,11.8,7.1,12.3,0,22.5,30.6,8,7.6
1956,11.8,6.5,12.1,0,22,30.3,9.7,7.6
1957,10.9,5.7,11.1,0,21.7,33.6,9.9,7.1
1958,11.5,5.7,11.5,0,18.1,34.1,10.7,8.3
1959,10.2,4.8,10.1,0,16.6,39.5,11,7.8
1960,9.9,4.3,9.3,0,16.7,40.5,10.8,8.5
1961,9.3,3.7,8.5,0,16.2,44.8,10.5,7.1
1962,8.6,3.2,7.6,0,15.6,49,9.8,6.2
1963,8.1,2.8,7,0,14.2,52.2,9.1,6.6
1964,7.7,2.6,6.5,0,11.8,57.1,8.9,5.5
1965,7.2,2.1,6,0,12.8,57.7,8.6,5.6
1966,7.1,1.8,5.8,0,11.5,59.4,8.8,5.6
1967,6.8,1.5,5.3,0,11.8,60.5,8.9,5.1
1968,6.3,1.3,4.8,0,10.2,63.4,9.4,4.7
1969,6,1.1,4.5,0,10,64.5,9.7,4.2
1970,5.6,0.9,4,0,8.7,67.5,9.5,3.9
1971,5.9,0.8,4.1,0,8.6,66.8,10,3.8
1972,5.6,0.7,3.9,0,8.5,66.7,10.9,3.6
1973,5.4,0.6,3.6,0,8.3,67.4,11.6,3.2
1974,5.4,0.5,3.6,0,8.7,65.7,12.8,3.3
1975,5.6,0.5,3.7,0,8.1,63.4,15.1,3.6
1976,5.3,0.4,3.5,0,7.9,62.6,17.1,3.2
1977,5.4,0.4,3.5,0,7.9,61.4,17.1,4.2
1978,5.4,0.3,3.5,0,7.8,63.4,15.8,3.8
1979,5.2,0.3,3.4,0,8.5,63.5,15.4,3.8
1980,5.2,0.2,3.4,0,9.4,62.4,15.5,3.8
1981,5.3,0.2,3.4,0,10.4,61.2,15.5,4
1982,5.4,0.2,3.5,0,11.1,59.7,15.9,4.1
1983,5.5,0.2,3.5,0,10.4,59.5,16.5,4.3
1984,5.4,0.1,3.5,0,11.7,55.1,19.1,5.1
1985,5.4,0,3.4,0,12.3,54.5,19.3,5.1
1986,5.4,0,3.4,0,11.6,54.3,20.3,5.1
1987,5.2,0,3.2,0,11.5,53.9,21.9,4.3
1988,5.1,0,3.2,0,10.8,53.4,22.9,4.8
1989,4.9,0,3,0.1,10.2,53.6,23.8,4.4
1990,4.9,0,3,0.1,10.7,51.7,25.3,4.3
1991,4.6,0,2.9,0.1,10,51.3,26.3,4.8
1992,4.7,0,2.9,0.1,9,52,26.4,4.8
1993,4.7,0,2.9,0.1,8,51.9,27.3,5
1994,4.8,0,3,0.1,7.6,52.2,27,5.2
1995,4.5,0,2.8,0.1,7.6,53.1,27.5,4.5
1996,4.5,0,2.8,0.1,7,52.3,28.5,4.8
1997,4.5,0,2.8,0.1,7,51.8,29.1,4.8
1998,4.3,0,2.7,0.1,7,50.5,30.5,4.8
1999,4.3,0,2.6,0.1,6.9,48.4,32.6,5.1
2000,4.2,0,2.6,0.1,7.2,47.5,33.3,5.1
2001,4.2,0,2.6,0.1,7.8,46.6,33.6,5.1
2002,4.2,0,2.6,0.1,8,46.8,33.4,4.9
2003,4.1,0,2.5,0.1,8.3,44.9,35.5,4.6
2004,4.1,0,2.5,0.1,9.3,42.7,36.7,4.6
2005,4,0,2.4,0.1,9.1,41.1,38.8,4.5
2006,4.1,0,2.7,0.1,9.3,40.8,38.5,4.4
2007,4.2,0,2.7,0.2,9.6,39.3,39.7,4.4
2008,4.2,0,3.1,0.2,9.5,37.9,40.4,4.7